[gd_scene load_steps=2 format=3 uid="uid://6u3asuqykxqu"]

[ext_resource type="PackedScene" uid="uid://da8j4klmtk28u" path="res://charachters/Mage.glb" id="1_26btk"]

[node name="Mage" instance=ExtResource("1_26btk")]

[node name="Skeleton3D" parent="Rig" index="0"]
bones/1/position = Vector3(1.07185e-07, 0.143397, -0.449567)
bones/1/rotation = Quaternion(-0.553307, 0.0359346, -0.0239019, 0.831858)
bones/2/rotation = Quaternion(-0.101908, -1.93098e-09, -0.00882093, 0.994755)
bones/3/rotation = Quaternion(-0.00226449, -0.135111, 0.0261616, 0.990482)
bones/4/rotation = Quaternion(-0.642095, -0.0471134, -0.424778, 0.636442)
bones/5/rotation = Quaternion(7.8141e-08, -2.69102e-08, -0.388183, 0.921582)
bones/7/rotation = Quaternion(0.105926, -0.809035, -0.221593, 0.533984)
bones/8/position = Vector3(0.293849, 0.298235, -0.0711293)
bones/8/rotation = Quaternion(-0.0352736, 0.0352737, -0.86542, 0.498557)
bones/11/rotation = Quaternion(-0.402678, 0.169906, 0.605875, 0.664755)
bones/12/rotation = Quaternion(2.9871e-08, 2.09925e-08, 0.461817, 0.886975)
bones/14/rotation = Quaternion(0.213013, 0.88247, 0.032441, 0.418115)
bones/15/position = Vector3(-0.461865, 0.464746, -0.0353461)
bones/15/rotation = Quaternion(0.0114206, -0.0114206, 0.903814, 0.427621)
bones/18/rotation = Quaternion(-0.0626205, -0.20974, 0.0228177, 0.975483)
bones/21/rotation = Quaternion(0.968811, -0.015341, 0.031676, 0.245288)
bones/22/rotation = Quaternion(0.563067, 5.7494e-08, -3.85164e-07, 0.826411)
bones/23/rotation = Quaternion(-0.569134, -0.193652, 0.0960358, 0.793324)
bones/24/rotation = Quaternion(-3.04791e-08, 0.920355, -0.391084, 6.94849e-08)
bones/25/position = Vector3(-0.215424, 0.113587, -0.00384993)
bones/25/rotation = Quaternion(0.984507, -0.0355928, -0.0562211, 0.162232)
bones/26/rotation = Quaternion(0.466767, -5.66544e-08, 3.2066e-07, 0.88438)
bones/27/rotation = Quaternion(-0.641386, 0.241667, -0.0831172, 0.723403)
bones/28/rotation = Quaternion(3.04791e-08, 0.920355, -0.391084, -6.94849e-08)
bones/29/position = Vector3(0.170945, 0.453887, 0.286685)
bones/29/rotation = Quaternion(0.707107, -2.29302e-07, -4.60552e-08, 0.707107)
bones/30/position = Vector3(0.230471, 0.194332, -0.0152068)
bones/30/rotation = Quaternion(-0.927572, 0.215818, -0.0691213, 0.297078)
bones/31/rotation = Quaternion(-3.72528e-09, -7.45058e-09, 1, 5.29396e-23)
bones/32/rotation = Quaternion(-1.04035e-07, 0.391084, 0.920355, -2.9526e-08)
bones/34/rotation = Quaternion(1, 1.86264e-09, 1.87257e-07, 1.86265e-09)
bones/36/position = Vector3(-0.170945, 0.453887, 0.286685)
bones/36/rotation = Quaternion(0.707107, -3.82385e-08, 1.45009e-07, 0.707107)
bones/37/position = Vector3(-0.310832, 0.257716, -0.0433378)
bones/37/rotation = Quaternion(-0.972716, -0.152593, 0.0270832, 0.172644)
bones/38/rotation = Quaternion(1.86265e-09, -1.38321e-22, 1, -1.16397e-34)
bones/39/rotation = Quaternion(-1.04035e-07, 0.391084, 0.920355, -2.95261e-08)
bones/43/position = Vector3(0.513034, -0.168427, -1.24211)
bones/44/position = Vector3(0.61552, 0.185292, -1.01237)
bones/44/rotation = Quaternion(0.450323, 0.545169, -0.450322, 0.545169)
bones/45/position = Vector3(-0.453507, -0.168427, -1.45938)
bones/46/position = Vector3(-0.615967, 0.187002, -0.949416)
bones/46/rotation = Quaternion(-0.572091, 0.442518, -0.415586, -0.551523)

[node name="Spellbook" parent="Rig/Skeleton3D" index="0"]
transform = Transform3D(0.844953, 0.162483, -0.50956, 0.188839, -0.982008, 2.81657e-07, -0.500392, -0.0962249, -0.860434, 0.826729, 0.305923, -1.50475)

[node name="Spellbook_open" parent="Rig/Skeleton3D" index="1"]
transform = Transform3D(0.844953, 0.162483, -0.50956, 0.188839, -0.982008, 2.81657e-07, -0.500392, -0.0962249, -0.860434, 0.888055, 0.305923, -1.40119)

[node name="1H_Wand" parent="Rig/Skeleton3D" index="2"]
transform = Transform3D(0.912554, 0.408485, -0.0195937, 1.57481e-07, 0.0479114, 0.998851, 0.408956, -0.911506, 0.0437215, -1.24199, 0.251922, -1.22379)

[node name="2H_Staff" parent="Rig/Skeleton3D" index="3"]
transform = Transform3D(0.912554, 0.408485, -0.0195937, 1.57481e-07, 0.0479114, 0.998851, 0.408956, -0.911506, 0.0437215, -1.24199, 0.251922, -1.22379)

[node name="Mage_Hat" parent="Rig/Skeleton3D" index="4"]
transform = Transform3D(0.815902, 0.105459, -0.568492, 0.578145, -0.161113, 0.799869, -0.00723788, -0.981285, -0.192423, -0.0385497, 0.366381, -1.79998)

[node name="Mage_Cape" parent="Rig/Skeleton3D" index="5"]
transform = Transform3D(0.981608, -0.052019, -0.183685, 0.190199, 0.183556, 0.964433, -0.0164524, -0.981632, 0.190074, -0.0126533, 0.333798, -1.2335)
