[gd_scene load_steps=2 format=3 uid="uid://6u3asuqykxqu"]

[ext_resource type="PackedScene" uid="uid://da8j4klmtk28u" path="res://Mage.glb" id="1_26btk"]

[node name="Mage" instance=ExtResource("1_26btk")]

[node name="Skeleton3D" parent="Rig" index="0"]
bones/1/position = Vector3(2.48408e-09, 0.341157, -0.010419)
bones/2/rotation = Quaternion(-0.062951, -0.000562565, 0.00949128, 0.997971)
bones/3/rotation = Quaternion(-0.0175246, 0.000101038, 0.000763803, 0.999846)
bones/4/position = Vector3(0.216536, 0.143644, 0.0755589)
bones/4/rotation = Quaternion(-0.466998, -0.705441, -0.415655, 0.333913)
bones/5/rotation = Quaternion(8.35916e-10, -8.06745e-08, -0.422626, 0.906304)
bones/7/rotation = Quaternion(0.0192106, -0.795523, -0.299057, 0.526629)
bones/8/rotation = Quaternion(1.60975e-09, 1.60975e-09, -0.707107, 0.707107)
bones/11/position = Vector3(-0.207484, 0.143643, 0.0754661)
bones/11/rotation = Quaternion(-0.476433, 0.688819, 0.427265, 0.340566)
bones/12/rotation = Quaternion(1.90873e-09, 3.3018e-08, 0.447039, 0.894515)
bones/14/rotation = Quaternion(0.0257251, 0.783206, 0.318845, 0.533165)
bones/18/rotation = Quaternion(-0.0175399, 0.0314379, 0.000214179, 0.999352)
bones/21/rotation = Quaternion(0.986888, 0.0717536, 0.0313865, 0.141131)
bones/22/rotation = Quaternion(0.549502, 5.63574e-08, -3.74111e-07, 0.835493)
bones/23/rotation = Quaternion(-0.72159, -0.108209, 0.0813462, 0.678957)
bones/24/rotation = Quaternion(-3.04791e-08, 0.920355, -0.391084, 6.94849e-08)
bones/25/rotation = Quaternion(0.975542, -0.0291761, -0.015543, 0.217315)
bones/26/rotation = Quaternion(0.578684, -5.86568e-08, 4.01245e-07, 0.815552)
bones/27/rotation = Quaternion(-0.696895, 0.110005, -0.0333384, 0.707902)
bones/28/rotation = Quaternion(3.04791e-08, 0.920355, -0.391084, -6.94849e-08)
bones/29/rotation = Quaternion(0.707107, -2.29302e-07, -4.60552e-08, 0.707107)
bones/30/position = Vector3(0.202182, 0.0259903, 0.205181)
bones/30/rotation = Quaternion(-0.707107, -7.05285e-08, -7.05285e-08, 0.707107)
bones/31/rotation = Quaternion(5.27863e-09, 5.26242e-10, 0.995755, -0.0920393)
bones/32/rotation = Quaternion(-1.04035e-07, 0.391084, 0.920355, -2.9526e-08)
bones/34/rotation = Quaternion(1, -3.10863e-15, 1.94707e-07, -6.91739e-22)
bones/36/rotation = Quaternion(0.707107, -3.82385e-08, 1.45009e-07, 0.707107)
bones/37/rotation = Quaternion(-0.707107, -7.05285e-08, -7.05285e-08, 0.707107)
bones/38/rotation = Quaternion(-5.83589e-09, 6.43837e-10, 0.994809, 0.101756)
bones/39/rotation = Quaternion(-1.04035e-07, 0.391084, 0.920355, -2.95261e-08)
bones/43/position = Vector3(0.453507, 0.716049, -0.544579)
bones/44/position = Vector3(0.517091, 1.27703, 0.246994)
bones/44/rotation = Quaternion(0.168285, 0.618974, 0.13803, 0.754651)
bones/45/position = Vector3(-0.453507, 0.716049, -0.544579)
bones/46/position = Vector3(-0.532826, 1.23911, 0.253915)
bones/46/rotation = Quaternion(-0.169837, 0.610394, 0.136116, -0.761608)

[node name="Spellbook" parent="Rig/Skeleton3D" index="0"]
transform = Transform3D(-9.35262e-05, 0.980729, 0.19537, 0.905162, -0.0829618, 0.41689, 0.425065, 0.17688, -0.887712, 0.540741, 1.52233, 0.0962077)

[node name="Spellbook_open" parent="Rig/Skeleton3D" index="1"]
transform = Transform3D(-9.35262e-05, 0.980729, 0.19537, 0.905162, -0.0829618, 0.41689, 0.425065, 0.17688, -0.887712, 0.517228, 1.47216, 0.203045)

[node name="1H_Wand" parent="Rig/Skeleton3D" index="2"]
transform = Transform3D(-0.00013362, -0.217566, 0.976045, -0.905074, 0.415092, 0.0924025, -0.425252, -0.883381, -0.196968, -0.504897, 1.37098, 0.340274)

[node name="2H_Staff" parent="Rig/Skeleton3D" index="3"]
transform = Transform3D(-0.00013362, -0.217566, 0.976045, -0.905074, 0.415092, 0.0924025, -0.425252, -0.883381, -0.196968, -0.504897, 1.37098, 0.340274)

[node name="Mage_Hat" parent="Rig/Skeleton3D" index="4"]
transform = Transform3D(0.998003, -0.0363402, 0.0516615, 0.00971614, 0.896504, 0.442929, -0.0624109, -0.441542, 0.895067, -0.0243296, 1.70249, -0.206372)

[node name="Mage_Cape" parent="Rig/Skeleton3D" index="5"]
transform = Transform3D(0.99979, -0.020311, -0.00280255, 0.0204976, 0.986852, 0.160322, -0.000490608, -0.160346, 0.987061, -0.0120178, 1.14513, -0.0965424)
