[gd_scene load_steps=2 format=3 uid="uid://6u3asuqykxqu"]

[ext_resource type="PackedScene" uid="uid://da8j4klmtk28u" path="res://Mage.glb" id="1_26btk"]

[node name="Mage" instance=ExtResource("1_26btk")]

[node name="Skeleton3D" parent="Rig" index="0"]
bones/1/position = Vector3(2.48408e-09, 0.365523, -0.010419)
bones/2/rotation = Quaternion(-0.0628902, -0.0026619, 0.0449101, 0.997006)
bones/3/rotation = Quaternion(-0.00157451, 9.07821e-06, 6.86214e-05, 0.999999)
bones/4/position = Vector3(0.218257, 0.143643, 0.0754792)
bones/4/rotation = Quaternion(-0.46541, -0.733893, -0.397487, 0.294617)
bones/5/rotation = Quaternion(-2.05195e-08, -5.79656e-08, -0.343114, 0.939294)
bones/7/rotation = Quaternion(-0.0205878, -0.79965, -0.297111, 0.521403)
bones/8/rotation = Quaternion(1.60975e-09, 1.60975e-09, -0.707107, 0.707107)
bones/11/position = Vector3(-0.205762, 0.143643, 0.0755259)
bones/11/rotation = Quaternion(-0.501141, 0.672212, 0.428799, 0.336334)
bones/12/rotation = Quaternion(2.14885e-08, 7.48781e-08, 0.500501, 0.865736)
bones/14/rotation = Quaternion(0.0447289, 0.756517, 0.338723, 0.557628)
bones/18/rotation = Quaternion(-0.00157588, 0.0314078, 1.92498e-05, 0.999505)
bones/21/rotation = Quaternion(0.992512, 0.0673377, 0.0289947, 0.0976937)
bones/22/rotation = Quaternion(0.431579, 6.33677e-08, -2.9883e-07, 0.902075)
bones/23/rotation = Quaternion(-0.656941, -0.116351, 0.0654819, 0.742026)
bones/24/rotation = Quaternion(-3.04791e-08, 0.920355, -0.391084, 6.94849e-08)
bones/25/rotation = Quaternion(0.984486, -0.027454, -0.0143676, 0.172704)
bones/26/rotation = Quaternion(0.468201, -6.04781e-08, 3.24395e-07, 0.883622)
bones/27/rotation = Quaternion(-0.635131, 0.112815, -0.0216081, 0.763816)
bones/28/rotation = Quaternion(3.04791e-08, 0.920355, -0.391084, -6.94849e-08)
bones/29/rotation = Quaternion(0.707107, -2.29302e-07, -4.60552e-08, 0.707107)
bones/30/position = Vector3(0.202182, 0.0259903, 0.205181)
bones/30/rotation = Quaternion(-0.707107, -7.05285e-08, -7.05285e-08, 0.707107)
bones/31/rotation = Quaternion(5.27863e-09, 5.26242e-10, 0.995755, -0.0920393)
bones/32/rotation = Quaternion(-1.04035e-07, 0.391084, 0.920355, -2.9526e-08)
bones/34/rotation = Quaternion(1, -3.10863e-15, 1.94707e-07, -6.91739e-22)
bones/36/rotation = Quaternion(0.707107, -3.82385e-08, 1.45009e-07, 0.707107)
bones/37/rotation = Quaternion(-0.707107, -7.05285e-08, -7.05285e-08, 0.707107)
bones/38/rotation = Quaternion(-5.83589e-09, 6.43837e-10, 0.994809, 0.101756)
bones/39/rotation = Quaternion(-1.04035e-07, 0.391084, 0.920355, -2.95261e-08)
bones/43/position = Vector3(0.453507, 0.716049, -0.544579)
bones/44/position = Vector3(0.487698, 1.34787, 0.243183)
bones/44/rotation = Quaternion(0.160724, 0.630248, 0.135734, 0.74735)
bones/45/position = Vector3(-0.453507, 0.716049, -0.544579)
bones/46/position = Vector3(-0.562219, 1.20482, 0.266844)
bones/46/rotation = Quaternion(-0.166027, 0.60092, 0.129193, -0.771129)

[node name="Spellbook" parent="Rig/Skeleton3D" index="0"]
transform = Transform3D(-0.000286352, 0.985659, 0.168744, 0.911483, -0.0691535, 0.405482, 0.411336, 0.153923, -0.898392, 0.508422, 1.59175, 0.0841393)

[node name="Spellbook_open" parent="Rig/Skeleton3D" index="1"]
transform = Transform3D(-0.000286352, 0.985659, 0.168744, 0.911483, -0.0691535, 0.405482, 0.411336, 0.153923, -0.898392, 0.488113, 1.54295, 0.192262)

[node name="1H_Wand" parent="Rig/Skeleton3D" index="2"]
transform = Transform3D(0.000222213, -0.244334, 0.96969, -0.911278, 0.39926, 0.100811, -0.41179, -0.88368, -0.222567, -0.531939, 1.33313, 0.353731)

[node name="2H_Staff" parent="Rig/Skeleton3D" index="3"]
transform = Transform3D(0.000222213, -0.244334, 0.96969, -0.911278, 0.39926, 0.100811, -0.41179, -0.88368, -0.222567, -0.531939, 1.33313, 0.353731)

[node name="Mage_Hat" parent="Rig/Skeleton3D" index="4"]
transform = Transform3D(0.994685, -0.0995854, 0.0261677, 0.0817282, 0.918181, 0.387639, -0.0626299, -0.38344, 0.92144, -0.105989, 1.72923, -0.163718)

[node name="Mage_Cape" parent="Rig/Skeleton3D" index="5"]
transform = Transform3D(0.99594, -0.0893182, -0.0112197, 0.0900194, 0.987644, 0.128277, -0.000376413, -0.128766, 0.991675, -0.0551813, 1.16825, -0.0888554)
